1807.73949088
1921.78242088
2107.86173088
2222.88867088
2408.96798088
2595.04729088
2708.13135088
2823.15829088
2922.22670088
3025.23589088
3082.25735088
3245.32068088
3408.38401088
3511.39320088
3639.45178088
3696.47324088
3809.55730088
3866.57876088
3997.61925088
4084.65128088
4212.70986088
4359.77827088
4416.79973088
4529.88379088
4616.91582088
4773.01693088
4876.02612088
4963.05815088
5077.10108088
5148.13819088
5261.22225088
5392.26274088
5520.32132088
5633.40538088
5736.41457088
5849.49863088
5964.52557088
6095.56606088
6224.60865088
6355.64914088
6492.70805088
6607.73499088
6735.79357088
6792.81503088
6948.91614088
7085.97505088
7157.01216088
7271.05509088
7370.12350088
7556.20281088
7712.30392088
7840.39888088
8003.46221088
8117.50514088
8245.56372088
8316.60083088
8429.68489088
8516.71692088
8631.74386088
8732.79154088
8835.80073088
8964.84332088
9021.86478088
9177.96589088
9234.98735088
9334.05576088
9405.09287088
9591.17218088
9738.24059088
9851.32465088
9964.40871088
10150.4880209
10306.5891309
10435.6317209
10598.6950509
10727.7376409
10826.8060509
10939.8901109
11067.9850709
11181.0691309
11282.1168109
11445.1801409
11558.2642009
11686.3227809
11823.3816909
11936.4657509
12033.5185109
12090.5399709
12203.6240309
12331.7189909
12446.7459309
12632.8252409
